00A1 1
00A4 1
00A7 1
00A8 1
00AA 1
00AD 1
00AE 1
00B0 1
00B1 1
00B2 1
00B3 1
00B4 1
00B6 1
00B7 1
00B8 1
00B9 1
00BA 1
00BC 1
00BD 1
00BE 1
00BF 1
00C6 1
00D0 1
00D7 1
00D8 1
00DE 1
00DF 1
00E0 1
00E1 1
00E6 1
00E8 1
00E9 1
00EA 1
00EC 1
00ED 1
00F0 1
00F2 1
00F3 1
00F7 1
00F8 1
00F9 1
00FA 1
00FC 1
00FE 1
0101 1
0111 1
0113 1
011B 1
0126 1
0127 1
012B 1
0131 1
0132 1
0133 1
0138 1
013F 1
0140 1
0141 1
0142 1
0144 1
0148 1
0149 1
014A 1
014B 1
014D 1
0152 1
0153 1
0166 1
0167 1
016B 1
01CE 1
01D0 1
01D2 1
01D4 1
01D6 1
01D8 1
01DA 1
01DC 1
0251 1
0261 1
02C4 1
02C7 1
02C9 1
02CA 1
02CB 1
02CD 1
02D0 1
02D8 1
02D9 1
02DA 1
02DB 1
02DD 1
02DF 1
0300 0
0301 0
0302 0
0303 0
0304 0
0305 0
0306 0
0307 0
0308 0
0309 0
030A 0
030B 0
030C 0
030D 0
030E 0
030F 0
0310 0
0311 0
0312 0
0313 0
0314 0
0315 0
0316 0
0317 0
0318 0
0319 0
031A 0
031B 0
031C 0
031D 0
031E 0
031F 0
0320 0
0321 0
0322 0
0323 0
0324 0
0325 0
0326 0
0327 0
0328 0
0329 0
032A 0
032B 0
032C 0
032D 0
032E 0
032F 0
0330 0
0331 0
0332 0
0333 0
0334 0
0335 0
0336 0
0337 0
0338 0
0339 0
033A 0
033B 0
033C 0
033D 0
033E 0
033F 0
0340 0
0341 0
0342 0
0343 0
0344 0
0345 0
0346 0
0347 0
0348 0
0349 0
034A 0
034B 0
034C 0
034D 0
034E 0
034F 0
0350 0
0351 0
0352 0
0353 0
0354 0
0355 0
0356 0
0357 0
0358 0
0359 0
035A 0
035B 0
035C 0
035D 0
035E 0
035F 0
0360 0
0361 0
0362 0
0363 0
0364 0
0365 0
0366 0
0367 0
0368 0
0369 0
036A 0
036B 0
036C 0
036D 0
036E 0
036F 0
0391 1
0392 1
0393 1
0394 1
0395 1
0396 1
0397 1
0398 1
0399 1
039A 1
039B 1
039C 1
039D 1
039E 1
039F 1
03A0 1
03A1 1
03A3 1
03A4 1
03A5 1
03A6 1
03A7 1
03A8 1
03A9 1
03B1 1
03B2 1
03B3 1
03B4 1
03B5 1
03B6 1
03B7 1
03B8 1
03B9 1
03BA 1
03BB 1
03BC 1
03BD 1
03BE 1
03BF 1
03C0 1
03C1 1
03C3 1
03C4 1
03C5 1
03C6 1
03C7 1
03C8 1
03C9 1
0401 1
0410 1
0411 1
0412 1
0413 1
0414 1
0415 1
0416 1
0417 1
0418 1
0419 1
041A 1
041B 1
041C 1
041D 1
041E 1
041F 1
0420 1
0421 1
0422 1
0423 1
0424 1
0425 1
0426 1
0427 1
0428 1
0429 1
042A 1
042B 1
042C 1
042D 1
042E 1
042F 1
0430 1
0431 1
0432 1
0433 1
0434 1
0435 1
0436 1
0437 1
0438 1
0439 1
043A 1
043B 1
043C 1
043D 1
043E 1
043F 1
0440 1
0441 1
0442 1
0443 1
0444 1
0445 1
0446 1
0447 1
0448 1
0449 1
044A 1
044B 1
044C 1
044D 1
044E 1
044F 1
0451 1
2010 1
2013 1
2014 1
2015 1
2016 1
2018 1
2019 1
201C 1
201D 1
2020 1
2021 1
2022 1
2024 1
2025 1
2026 1
2027 1
2030 1
2032 1
2033 1
2035 1
203B 1
203E 1
2074 1
207F 1
2081 1
2082 1
2083 1
2084 1
20AC 1
2103 1
2105 1
2109 1
2113 1
2116 1
2121 1
2122 1
2126 1
212B 1
2153 1
2154 1
215B 1
215C 1
215D 1
215E 1
2160 1
2161 1
2162 1
2163 1
2164 1
2165 1
2166 1
2167 1
2168 1
2169 1
216A 1
216B 1
2170 1
2171 1
2172 1
2173 1
2174 1
2175 1
2176 1
2177 1
2178 1
2179 1
2189 1
2190 1
2191 1
2192 1
2193 1
2194 1
2195 1
2196 1
2197 1
2198 1
2199 1
21B8 1
21B9 1
21D2 1
21D4 1
21E7 1
2200 1
2202 1
2203 1
2207 1
2208 1
220B 1
220F 1
2211 1
2215 1
221A 1
221D 1
221E 1
221F 1
2220 1
2223 1
2225 1
2227 1
2228 1
2229 1
222A 1
222B 1
222C 1
222E 1
2234 1
2235 1
2236 1
2237 1
223C 1
223D 1
2248 1
224C 1
2252 1
2260 1
2261 1
2264 1
2265 1
2266 1
2267 1
226A 1
226B 1
226E 1
226F 1
2282 1
2283 1
2286 1
2287 1
2295 1
2299 1
22A5 1
22BF 1
2312 1
2460 1
2461 1
2462 1
2463 1
2464 1
2465 1
2466 1
2467 1
2468 1
2469 1
246A 1
246B 1
246C 1
246D 1
246E 1
246F 1
2470 1
2471 1
2472 1
2473 1
2474 1
2475 1
2476 1
2477 1
2478 1
2479 1
247A 1
247B 1
247C 1
247D 1
247E 1
247F 1
2480 1
2481 1
2482 1
2483 1
2484 1
2485 1
2486 1
2487 1
2488 1
2489 1
248A 1
248B 1
248C 1
248D 1
248E 1
248F 1
2490 1
2491 1
2492 1
2493 1
2494 1
2495 1
2496 1
2497 1
2498 1
2499 1
249A 1
249B 1
249C 1
249D 1
249E 1
249F 1
24A0 1
24A1 1
24A2 1
24A3 1
24A4 1
24A5 1
24A6 1
24A7 1
24A8 1
24A9 1
24AA 1
24AB 1
24AC 1
24AD 1
24AE 1
24AF 1
24B0 1
24B1 1
24B2 1
24B3 1
24B4 1
24B5 1
24B6 1
24B7 1
24B8 1
24B9 1
24BA 1
24BB 1
24BC 1
24BD 1
24BE 1
24BF 1
24C0 1
24C1 1
24C2 1
24C3 1
24C4 1
24C5 1
24C6 1
24C7 1
24C8 1
24C9 1
24CA 1
24CB 1
24CC 1
24CD 1
24CE 1
24CF 1
24D0 1
24D1 1
24D2 1
24D3 1
24D4 1
24D5 1
24D6 1
24D7 1
24D8 1
24D9 1
24DA 1
24DB 1
24DC 1
24DD 1
24DE 1
24DF 1
24E0 1
24E1 1
24E2 1
24E3 1
24E4 1
24E5 1
24E6 1
24E7 1
24E8 1
24E9 1
24EB 1
24EC 1
24ED 1
24EE 1
24EF 1
24F0 1
24F1 1
24F2 1
24F3 1
24F4 1
24F5 1
24F6 1
24F7 1
24F8 1
24F9 1
24FA 1
24FB 1
24FC 1
24FD 1
24FE 1
24FF 1
2500 1
2501 1
2502 1
2503 1
2504 1
2505 1
2506 1
2507 1
2508 1
2509 1
250A 1
250B 1
250C 1
250D 1
250E 1
250F 1
2510 1
2511 1
2512 1
2513 1
2514 1
2515 1
2516 1
2517 1
2518 1
2519 1
251A 1
251B 1
251C 1
251D 1
251E 1
251F 1
2520 1
2521 1
2522 1
2523 1
2524 1
2525 1
2526 1
2527 1
2528 1
2529 1
252A 1
252B 1
252C 1
252D 1
252E 1
252F 1
2530 1
2531 1
2532 1
2533 1
2534 1
2535 1
2536 1
2537 1
2538 1
2539 1
253A 1
253B 1
253C 1
253D 1
253E 1
253F 1
2540 1
2541 1
2542 1
2543 1
2544 1
2545 1
2546 1
2547 1
2548 1
2549 1
254A 1
254B 1
2550 1
2551 1
2552 1
2553 1
2554 1
2555 1
2556 1
2557 1
2558 1
2559 1
255A 1
255B 1
255C 1
255D 1
255E 1
255F 1
2560 1
2561 1
2562 1
2563 1
2564 1
2565 1
2566 1
2567 1
2568 1
2569 1
256A 1
256B 1
256C 1
256D 1
256E 1
256F 1
2570 1
2571 1
2572 1
2573 1
2580 1
2581 1
2582 1
2583 1
2584 1
2585 1
2586 1
2587 1
2588 1
2589 1
258A 1
258B 1
258C 1
258D 1
258E 1
258F 1
2592 1
2593 1
2594 1
2595 1
25A0 1
25A1 1
25A3 1
25A4 1
25A5 1
25A6 1
25A7 1
25A8 1
25A9 1
25B2 1
25B3 1
25B6 1
25B7 1
25BC 1
25BD 1
25C0 1
25C1 1
25C6 1
25C7 1
25C8 1
25CB 1
25CE 1
25CF 1
25D0 1
25D1 1
25E2 1
25E3 1
25E4 1
25E5 1
25EF 1
2605 1
2606 1
2609 1
260E 1
260F 1
2614 2
2615 2
261C 1
261E 1
2640 1
2642 1
2660 1
2661 1
2663 1
2664 1
2665 1
2667 1
2668 1
2669 1
266A 1
266C 1
266D 1
266F 1
269E 1
269F 1
26BE 2
26BF 1
26C4 2
26C5 2
26C6 1
26C7 1
26C8 1
26C9 1
26CA 1
26CB 1
26CC 1
26CD 1
26CF 1
26D0 1
26D1 1
26D2 1
26D3 1
26D4 2
26D5 1
26D6 1
26D7 1
26D8 1
26D9 1
26DA 1
26DB 1
26DC 1
26DD 1
26DE 1
26DF 1
26E0 1
26E1 1
26E3 1
26E8 1
26E9 1
26EA 2
26EB 1
26EC 1
26ED 1
26EE 1
26EF 1
26F0 1
26F1 1
26F2 2
26F3 2
26F4 1
26F5 2
26F6 1
26F7 1
26F8 1
26F9 1
26FA 2
26FB 1
26FC 1
26FD 2
26FE 1
26FF 1
273D 1
2757 2
2776 1
2777 1
2778 1
2779 1
277A 1
277B 1
277C 1
277D 1
277E 1
277F 1
2B55 2
2B56 1
2B57 1
2B58 1
2B59 1
3248 2
3249 2
324A 2
324B 2
324C 2
324D 2
324E 2
324F 2
FE00 0
FE01 0
FE02 0
FE03 0
FE04 0
FE05 0
FE06 0
FE07 0
FE08 0
FE09 0
FE0A 0
FE0B 0
FE0C 0
FE0D 0
FE0E 0
FE0F 0
FFFD 1
0001F100 1
0001F101 1
0001F102 1
0001F103 1
0001F104 1
0001F105 1
0001F106 1
0001F107 1
0001F108 1
0001F109 1
0001F10A 1
0001F110 1
0001F111 1
0001F112 1
0001F113 1
0001F114 1
0001F115 1
0001F116 1
0001F117 1
0001F118 1
0001F119 1
0001F11A 1
0001F11B 1
0001F11C 1
0001F11D 1
0001F11E 1
0001F11F 1
0001F120 1
0001F121 1
0001F122 1
0001F123 1
0001F124 1
0001F125 1
0001F126 1
0001F127 1
0001F128 1
0001F129 1
0001F12A 1
0001F12B 1
0001F12C 1
0001F12D 1
0001F130 1
0001F131 1
0001F132 1
0001F133 1
0001F134 1
0001F135 1
0001F136 1
0001F137 1
0001F138 1
0001F139 1
0001F13A 1
0001F13B 1
0001F13C 1
0001F13D 1
0001F13E 1
0001F13F 1
0001F140 1
0001F141 1
0001F142 1
0001F143 1
0001F144 1
0001F145 1
0001F146 1
0001F147 1
0001F148 1
0001F149 1
0001F14A 1
0001F14B 1
0001F14C 1
0001F14D 1
0001F14E 1
0001F14F 1
0001F150 1
0001F151 1
0001F152 1
0001F153 1
0001F154 1
0001F155 1
0001F156 1
0001F157 1
0001F158 1
0001F159 1
0001F15A 1
0001F15B 1
0001F15C 1
0001F15D 1
0001F15E 1
0001F15F 1
0001F160 1
0001F161 1
0001F162 1
0001F163 1
0001F164 1
0001F165 1
0001F166 1
0001F167 1
0001F168 1
0001F169 1
0001F170 1
0001F171 1
0001F172 1
0001F173 1
0001F174 1
0001F175 1
0001F176 1
0001F177 1
0001F178 1
0001F179 1
0001F17A 1
0001F17B 1
0001F17C 1
0001F17D 1
0001F17E 1
0001F17F 1
0001F180 1
0001F181 1
0001F182 1
0001F183 1
0001F184 1
0001F185 1
0001F186 1
0001F187 1
0001F188 1
0001F189 1
0001F18A 1
0001F18B 1
0001F18C 1
0001F18D 1
0001F18E 2
0001F18F 1
0001F190 1
0001F191 2
0001F192 2
0001F193 2
0001F194 2
0001F195 2
0001F196 2
0001F197 2
0001F198 2
0001F199 2
0001F19A 2
000E0100 0
000E0101 0
000E0102 0
000E0103 0
000E0104 0
000E0105 0
000E0106 0
000E0107 0
000E0108 0
000E0109 0
000E010A 0
000E010B 0
000E010C 0
000E010D 0
000E010E 0
000E010F 0
000E0110 0
000E0111 0
000E0112 0
000E0113 0
000E0114 0
000E0115 0
000E0116 0
000E0117 0
000E0118 0
000E0119 0
000E011A 0
000E011B 0
000E011C 0
000E011D 0
000E011E 0
000E011F 0
000E0120 0
000E0121 0
000E0122 0
000E0123 0
000E0124 0
000E0125 0
000E0126 0
000E0127 0
000E0128 0
000E0129 0
000E012A 0
000E012B 0
000E012C 0
000E012D 0
000E012E 0
000E012F 0
000E0130 0
000E0131 0
000E0132 0
000E0133 0
000E0134 0
000E0135 0
000E0136 0
000E0137 0
000E0138 0
000E0139 0
000E013A 0
000E013B 0
000E013C 0
000E013D 0
000E013E 0
000E013F 0
000E0140 0
000E0141 0
000E0142 0
000E0143 0
000E0144 0
000E0145 0
000E0146 0
000E0147 0
000E0148 0
000E0149 0
000E014A 0
000E014B 0
000E014C 0
000E014D 0
000E014E 0
000E014F 0
000E0150 0
000E0151 0
000E0152 0
000E0153 0
000E0154 0
000E0155 0
000E0156 0
000E0157 0
000E0158 0
000E0159 0
000E015A 0
000E015B 0
000E015C 0
000E015D 0
000E015E 0
000E015F 0
000E0160 0
000E0161 0
000E0162 0
000E0163 0
000E0164 0
000E0165 0
000E0166 0
000E0167 0
000E0168 0
000E0169 0
000E016A 0
000E016B 0
000E016C 0
000E016D 0
000E016E 0
000E016F 0
000E0170 0
000E0171 0
000E0172 0
000E0173 0
000E0174 0
000E0175 0
000E0176 0
000E0177 0
000E0178 0
000E0179 0
000E017A 0
000E017B 0
000E017C 0
000E017D 0
000E017E 0
000E017F 0
000E0180 0
000E0181 0
000E0182 0
000E0183 0
000E0184 0
000E0185 0
000E0186 0
000E0187 0
000E0188 0
000E0189 0
000E018A 0
000E018B 0
000E018C 0
000E018D 0
000E018E 0
000E018F 0
000E0190 0
000E0191 0
000E0192 0
000E0193 0
000E0194 0
000E0195 0
000E0196 0
000E0197 0
000E0198 0
000E0199 0
000E019A 0
000E019B 0
000E019C 0
000E019D 0
000E019E 0
000E019F 0
000E01A0 0
000E01A1 0
000E01A2 0
000E01A3 0
000E01A4 0
000E01A5 0
000E01A6 0
000E01A7 0
000E01A8 0
000E01A9 0
000E01AA 0
000E01AB 0
000E01AC 0
000E01AD 0
000E01AE 0
000E01AF 0
000E01B0 0
000E01B1 0
000E01B2 0
000E01B3 0
000E01B4 0
000E01B5 0
000E01B6 0
000E01B7 0
000E01B8 0
000E01B9 0
000E01BA 0
000E01BB 0
000E01BC 0
000E01BD 0
000E01BE 0
000E01BF 0
000E01C0 0
000E01C1 0
000E01C2 0
000E01C3 0
000E01C4 0
000E01C5 0
000E01C6 0
000E01C7 0
000E01C8 0
000E01C9 0
000E01CA 0
000E01CB 0
000E01CC 0
000E01CD 0
000E01CE 0
000E01CF 0
000E01D0 0
000E01D1 0
000E01D2 0
000E01D3 0
000E01D4 0
000E01D5 0
000E01D6 0
000E01D7 0
000E01D8 0
000E01D9 0
000E01DA 0
000E01DB 0
000E01DC 0
000E01DD 0
000E01DE 0
000E01DF 0
000E01E0 0
000E01E1 0
000E01E2 0
000E01E3 0
000E01E4 0
000E01E5 0
000E01E6 0
000E01E7 0
000E01E8 0
000E01E9 0
000E01EA 0
000E01EB 0
000E01EC 0
000E01ED 0
000E01EE 0
000E01EF 0
