00A1 1
00A4 1
00A7 1
00A8 1
00AA 1
00AD 1
00AE 1
00B0 1
00B1 1
00B2 1
00B3 1
00B4 1
00B6 1
00B7 1
00B8 1
00B9 1
00BA 1
00BC 1
00BD 1
00BE 1
00BF 1
00C6 1
00D0 1
00D7 1
00D8 1
00DE 1
00DF 1
00E0 1
00E1 1
00E6 1
00E8 1
00E9 1
00EA 1
00EC 1
00ED 1
00F0 1
00F2 1
00F3 1
00F7 1
00F8 1
00F9 1
00FA 1
00FC 1
00FE 1
0101 1
0111 1
0113 1
011B 1
0126 1
0127 1
012B 1
0131 1
0132 1
0133 1
0138 1
013F 1
0140 1
0141 1
0142 1
0144 1
0148 1
0149 1
014A 1
014B 1
014D 1
0152 1
0153 1
0166 1
0167 1
016B 1
01CE 1
01D0 1
01D2 1
01D4 1
01D6 1
01D8 1
01DA 1
01DC 1
0251 1
0261 1
02C4 1
02C7 1
02C9 1
02CA 1
02CB 1
02CD 1
02D0 1
02D8 1
02D9 1
02DA 1
02DB 1
02DD 1
02DF 1
0300 0
0301 0
0302 0
0303 0
0304 0
0305 0
0306 0
0307 0
0308 0
0309 0
030A 0
030B 0
030C 0
030D 0
030E 0
030F 0
0310 0
0311 0
0312 0
0313 0
0314 0
0315 0
0316 0
0317 0
0318 0
0319 0
031A 0
031B 0
031C 0
031D 0
031E 0
031F 0
0320 0
0321 0
0322 0
0323 0
0324 0
0325 0
0326 0
0327 0
0328 0
0329 0
032A 0
032B 0
032C 0
032D 0
032E 0
032F 0
0330 0
0331 0
0332 0
0333 0
0334 0
0335 0
0336 0
0337 0
0338 0
0339 0
033A 0
033B 0
033C 0
033D 0
033E 0
033F 0
0340 0
0341 0
0342 0
0343 0
0344 0
0345 0
0346 0
0347 0
0348 0
0349 0
034A 0
034B 0
034C 0
034D 0
034E 0
034F 0
0350 0
0351 0
0352 0
0353 0
0354 0
0355 0
0356 0
0357 0
0358 0
0359 0
035A 0
035B 0
035C 0
035D 0
035E 0
035F 0
0360 0
0361 0
0362 0
0363 0
0364 0
0365 0
0366 0
0367 0
0368 0
0369 0
036A 0
036B 0
036C 0
036D 0
036E 0
036F 0
0391 1
0392 1
0393 1
0394 1
0395 1
0396 1
0397 1
0398 1
0399 1
039A 1
039B 1
039C 1
039D 1
039E 1
039F 1
03A0 1
03A1 1
03A3 1
03A4 1
03A5 1
03A6 1
03A7 1
03A8 1
03A9 1
03B1 1
03B2 1
03B3 1
03B4 1
03B5 1
03B6 1
03B7 1
03B8 1
03B9 1
03BA 1
03BB 1
03BC 1
03BD 1
03BE 1
03BF 1
03C0 1
03C1 1
03C3 1
03C4 1
03C5 1
03C6 1
03C7 1
03C8 1
03C9 1
0401 1
0410 1
0411 1
0412 1
0413 1
0414 1
0415 1
0416 1
0417 1
0418 1
0419 1
041A 1
041B 1
041C 1
041D 1
041E 1
041F 1
0420 1
0421 1
0422 1
0423 1
0424 1
0425 1
0426 1
0427 1
0428 1
0429 1
042A 1
042B 1
042C 1
042D 1
042E 1
042F 1
0430 1
0431 1
0432 1
0433 1
0434 1
0435 1
0436 1
0437 1
0438 1
0439 1
043A 1
043B 1
043C 1
043D 1
043E 1
043F 1
0440 1
0441 1
0442 1
0443 1
0444 1
0445 1
0446 1
0447 1
0448 1
0449 1
044A 1
044B 1
044C 1
044D 1
044E 1
044F 1
0451 1
2010 2
2013 2
2014 2
2015 2
2016 2
2018 2
2019 2
201C 2
201D 2
2020 2
2021 2
2022 2
2024 2
2025 2
2026 2
2027 2
2030 2
2032 2
2033 2
2035 2
203B 2
203E 2
2074 2
207F 2
2081 2
2082 2
2083 2
2084 2
20AC 2
2103 2
2105 2
2109 2
2113 2
2116 2
2121 2
2122 2
2126 2
212B 2
2153 2
2154 2
215B 2
215C 2
215D 2
215E 2
2160 2
2161 2
2162 2
2163 2
2164 2
2165 2
2166 2
2167 2
2168 2
2169 2
216A 2
216B 2
2170 2
2171 2
2172 2
2173 2
2174 2
2175 2
2176 2
2177 2
2178 2
2179 2
2189 2
2190 2
2191 2
2192 2
2193 2
2194 2
2195 2
2196 2
2197 2
2198 2
2199 2
21B8 2
21B9 2
21D2 2
21D4 2
21E7 2
2200 2
2202 2
2203 2
2207 2
2208 2
220B 2
220F 2
2211 2
2215 2
221A 2
221D 2
221E 2
221F 2
2220 2
2223 2
2225 2
2227 2
2228 2
2229 2
222A 2
222B 2
222C 2
222E 2
2234 2
2235 2
2236 2
2237 2
223C 2
223D 2
2248 2
224C 2
2252 2
2260 2
2261 2
2264 2
2265 2
2266 2
2267 2
226A 2
226B 2
226E 2
226F 2
2282 2
2283 2
2286 2
2287 2
2295 2
2299 2
22A5 2
22BF 2
2312 2
2460 2
2461 2
2462 2
2463 2
2464 2
2465 2
2466 2
2467 2
2468 2
2469 2
246A 2
246B 2
246C 2
246D 2
246E 2
246F 2
2470 2
2471 2
2472 2
2473 2
2474 2
2475 2
2476 2
2477 2
2478 2
2479 2
247A 2
247B 2
247C 2
247D 2
247E 2
247F 2
2480 2
2481 2
2482 2
2483 2
2484 2
2485 2
2486 2
2487 2
2488 2
2489 2
248A 2
248B 2
248C 2
248D 2
248E 2
248F 2
2490 2
2491 2
2492 2
2493 2
2494 2
2495 2
2496 2
2497 2
2498 2
2499 2
249A 2
249B 2
249C 2
249D 2
249E 2
249F 2
24A0 2
24A1 2
24A2 2
24A3 2
24A4 2
24A5 2
24A6 2
24A7 2
24A8 2
24A9 2
24AA 2
24AB 2
24AC 2
24AD 2
24AE 2
24AF 2
24B0 2
24B1 2
24B2 2
24B3 2
24B4 2
24B5 2
24B6 2
24B7 2
24B8 2
24B9 2
24BA 2
24BB 2
24BC 2
24BD 2
24BE 2
24BF 2
24C0 2
24C1 2
24C2 2
24C3 2
24C4 2
24C5 2
24C6 2
24C7 2
24C8 2
24C9 2
24CA 2
24CB 2
24CC 2
24CD 2
24CE 2
24CF 2
24D0 2
24D1 2
24D2 2
24D3 2
24D4 2
24D5 2
24D6 2
24D7 2
24D8 2
24D9 2
24DA 2
24DB 2
24DC 2
24DD 2
24DE 2
24DF 2
24E0 2
24E1 2
24E2 2
24E3 2
24E4 2
24E5 2
24E6 2
24E7 2
24E8 2
24E9 2
24EB 2
24EC 2
24ED 2
24EE 2
24EF 2
24F0 2
24F1 2
24F2 2
24F3 2
24F4 2
24F5 2
24F6 2
24F7 2
24F8 2
24F9 2
24FA 2
24FB 2
24FC 2
24FD 2
24FE 2
24FF 2
2500 2
2501 2
2502 2
2503 2
2504 2
2505 2
2506 2
2507 2
2508 2
2509 2
250A 2
250B 2
250C 2
250D 2
250E 2
250F 2
2510 2
2511 2
2512 2
2513 2
2514 2
2515 2
2516 2
2517 2
2518 2
2519 2
251A 2
251B 2
251C 2
251D 2
251E 2
251F 2
2520 2
2521 2
2522 2
2523 2
2524 2
2525 2
2526 2
2527 2
2528 2
2529 2
252A 2
252B 2
252C 2
252D 2
252E 2
252F 2
2530 2
2531 2
2532 2
2533 2
2534 2
2535 2
2536 2
2537 2
2538 2
2539 2
253A 2
253B 2
253C 2
253D 2
253E 2
253F 2
2540 2
2541 2
2542 2
2543 2
2544 2
2545 2
2546 2
2547 2
2548 2
2549 2
254A 2
254B 2
2550 2
2551 2
2552 2
2553 2
2554 2
2555 2
2556 2
2557 2
2558 2
2559 2
255A 2
255B 2
255C 2
255D 2
255E 2
255F 2
2560 2
2561 2
2562 2
2563 2
2564 2
2565 2
2566 2
2567 2
2568 2
2569 2
256A 2
256B 2
256C 2
256D 2
256E 2
256F 2
2570 2
2571 2
2572 2
2573 2
2580 2
2581 2
2582 2
2583 2
2584 2
2585 2
2586 2
2587 2
2588 2
2589 2
258A 2
258B 2
258C 2
258D 2
258E 2
258F 2
2592 2
2593 2
2594 2
2595 2
25A0 2
25A1 2
25A3 2
25A4 2
25A5 2
25A6 2
25A7 2
25A8 2
25A9 2
25B2 2
25B3 2
25B6 2
25B7 2
25BC 2
25BD 2
25C0 2
25C1 2
25C6 2
25C7 2
25C8 2
25CB 2
25CE 2
25CF 2
25D0 2
25D1 2
25E2 2
25E3 2
25E4 2
25E5 2
25EF 2
2605 2
2606 2
2609 2
260E 2
260F 2
2614 2
2615 2
261C 2
261E 2
2640 2
2642 2
2660 2
2661 2
2663 2
2664 2
2665 2
2667 2
2668 2
2669 2
266A 2
266C 2
266D 2
266F 2
269E 2
269F 2
26BE 2
26BF 2
26C4 2
26C5 2
26C6 2
26C7 2
26C8 2
26C9 2
26CA 2
26CB 2
26CC 2
26CD 2
26CF 2
26D0 2
26D1 2
26D2 2
26D3 2
26D4 2
26D5 2
26D6 2
26D7 2
26D8 2
26D9 2
26DA 2
26DB 2
26DC 2
26DD 2
26DE 2
26DF 2
26E0 2
26E1 2
26E3 2
26E8 2
26E9 2
26EA 2
26EB 2
26EC 2
26ED 2
26EE 2
26EF 2
26F0 2
26F1 2
26F2 2
26F3 2
26F4 2
26F5 2
26F6 2
26F7 2
26F8 2
26F9 2
26FA 2
26FB 2
26FC 2
26FD 2
26FE 2
26FF 2
273D 2
2757 2
2776 2
2777 2
2778 2
2779 2
277A 2
277B 2
277C 2
277D 2
277E 2
277F 2
2B55 2
2B56 2
2B57 2
2B58 2
2B59 2
3248 2
3249 2
324A 2
324B 2
324C 2
324D 2
324E 2
324F 2
FE00 2
FE01 2
FE02 2
FE03 2
FE04 2
FE05 2
FE06 2
FE07 2
FE08 2
FE09 2
FE0A 2
FE0B 2
FE0C 2
FE0D 2
FE0E 2
FE0F 2
FFFD 2
0001F100 2
0001F101 2
0001F102 2
0001F103 2
0001F104 2
0001F105 2
0001F106 2
0001F107 2
0001F108 2
0001F109 2
0001F10A 2
0001F110 2
0001F111 2
0001F112 2
0001F113 2
0001F114 2
0001F115 2
0001F116 2
0001F117 2
0001F118 2
0001F119 2
0001F11A 2
0001F11B 2
0001F11C 2
0001F11D 2
0001F11E 2
0001F11F 2
0001F120 2
0001F121 2
0001F122 2
0001F123 2
0001F124 2
0001F125 2
0001F126 2
0001F127 2
0001F128 2
0001F129 2
0001F12A 2
0001F12B 2
0001F12C 2
0001F12D 2
0001F130 2
0001F131 2
0001F132 2
0001F133 2
0001F134 2
0001F135 2
0001F136 2
0001F137 2
0001F138 2
0001F139 2
0001F13A 2
0001F13B 2
0001F13C 2
0001F13D 2
0001F13E 2
0001F13F 2
0001F140 2
0001F141 2
0001F142 2
0001F143 2
0001F144 2
0001F145 2
0001F146 2
0001F147 2
0001F148 2
0001F149 2
0001F14A 2
0001F14B 2
0001F14C 2
0001F14D 2
0001F14E 2
0001F14F 2
0001F150 2
0001F151 2
0001F152 2
0001F153 2
0001F154 2
0001F155 2
0001F156 2
0001F157 2
0001F158 2
0001F159 2
0001F15A 2
0001F15B 2
0001F15C 2
0001F15D 2
0001F15E 2
0001F15F 2
0001F160 2
0001F161 2
0001F162 2
0001F163 2
0001F164 2
0001F165 2
0001F166 2
0001F167 2
0001F168 2
0001F169 2
0001F170 2
0001F171 2
0001F172 2
0001F173 2
0001F174 2
0001F175 2
0001F176 2
0001F177 2
0001F178 2
0001F179 2
0001F17A 2
0001F17B 2
0001F17C 2
0001F17D 2
0001F17E 2
0001F17F 2
0001F180 2
0001F181 2
0001F182 2
0001F183 2
0001F184 2
0001F185 2
0001F186 2
0001F187 2
0001F188 2
0001F189 2
0001F18A 2
0001F18B 2
0001F18C 2
0001F18D 2
0001F18E 2
0001F18F 2
0001F190 2
0001F191 2
0001F192 2
0001F193 2
0001F194 2
0001F195 2
0001F196 2
0001F197 2
0001F198 2
0001F199 2
0001F19A 2
000E0100 2
000E0101 2
000E0102 2
000E0103 2
000E0104 2
000E0105 2
000E0106 2
000E0107 2
000E0108 2
000E0109 2
000E010A 2
000E010B 2
000E010C 2
000E010D 2
000E010E 2
000E010F 2
000E0110 2
000E0111 2
000E0112 2
000E0113 2
000E0114 2
000E0115 2
000E0116 2
000E0117 2
000E0118 2
000E0119 2
000E011A 2
000E011B 2
000E011C 2
000E011D 2
000E011E 2
000E011F 2
000E0120 2
000E0121 2
000E0122 2
000E0123 2
000E0124 2
000E0125 2
000E0126 2
000E0127 2
000E0128 2
000E0129 2
000E012A 2
000E012B 2
000E012C 2
000E012D 2
000E012E 2
000E012F 2
000E0130 2
000E0131 2
000E0132 2
000E0133 2
000E0134 2
000E0135 2
000E0136 2
000E0137 2
000E0138 2
000E0139 2
000E013A 2
000E013B 2
000E013C 2
000E013D 2
000E013E 2
000E013F 2
000E0140 2
000E0141 2
000E0142 2
000E0143 2
000E0144 2
000E0145 2
000E0146 2
000E0147 2
000E0148 2
000E0149 2
000E014A 2
000E014B 2
000E014C 2
000E014D 2
000E014E 2
000E014F 2
000E0150 2
000E0151 2
000E0152 2
000E0153 2
000E0154 2
000E0155 2
000E0156 2
000E0157 2
000E0158 2
000E0159 2
000E015A 2
000E015B 2
000E015C 2
000E015D 2
000E015E 2
000E015F 2
000E0160 2
000E0161 2
000E0162 2
000E0163 2
000E0164 2
000E0165 2
000E0166 2
000E0167 2
000E0168 2
000E0169 2
000E016A 2
000E016B 2
000E016C 2
000E016D 2
000E016E 2
000E016F 2
000E0170 2
000E0171 2
000E0172 2
000E0173 2
000E0174 2
000E0175 2
000E0176 2
000E0177 2
000E0178 2
000E0179 2
000E017A 2
000E017B 2
000E017C 2
000E017D 2
000E017E 2
000E017F 2
000E0180 2
000E0181 2
000E0182 2
000E0183 2
000E0184 2
000E0185 2
000E0186 2
000E0187 2
000E0188 2
000E0189 2
000E018A 2
000E018B 2
000E018C 2
000E018D 2
000E018E 2
000E018F 2
000E0190 2
000E0191 2
000E0192 2
000E0193 2
000E0194 2
000E0195 2
000E0196 2
000E0197 2
000E0198 2
000E0199 2
000E019A 2
000E019B 2
000E019C 2
000E019D 2
000E019E 2
000E019F 2
000E01A0 2
000E01A1 2
000E01A2 2
000E01A3 2
000E01A4 2
000E01A5 2
000E01A6 2
000E01A7 2
000E01A8 2
000E01A9 2
000E01AA 2
000E01AB 2
000E01AC 2
000E01AD 2
000E01AE 2
000E01AF 2
000E01B0 2
000E01B1 2
000E01B2 2
000E01B3 2
000E01B4 2
000E01B5 2
000E01B6 2
000E01B7 2
000E01B8 2
000E01B9 2
000E01BA 2
000E01BB 2
000E01BC 2
000E01BD 2
000E01BE 2
000E01BF 2
000E01C0 2
000E01C1 2
000E01C2 2
000E01C3 2
000E01C4 2
000E01C5 2
000E01C6 2
000E01C7 2
000E01C8 2
000E01C9 2
000E01CA 2
000E01CB 2
000E01CC 2
000E01CD 2
000E01CE 2
000E01CF 2
000E01D0 2
000E01D1 2
000E01D2 2
000E01D3 2
000E01D4 2
000E01D5 2
000E01D6 2
000E01D7 2
000E01D8 2
000E01D9 2
000E01DA 2
000E01DB 2
000E01DC 2
000E01DD 2
000E01DE 2
000E01DF 2
000E01E0 2
000E01E1 2
000E01E2 2
000E01E3 2
000E01E4 2
000E01E5 2
000E01E6 2
000E01E7 2
000E01E8 2
000E01E9 2
000E01EA 2
000E01EB 2
000E01EC 2
000E01ED 2
000E01EE 2
000E01EF 2
