00A1 1 1
00A4 1 1
00A7 1 1
00A8 1 1
00AA 1 1
00AD 1 1
00AE 1 1
00B0 1 1
00B1 1 1
00B2 1 1
00B3 1 1
00B4 1 1
00B6 1 1
00B7 1 1
00B8 1 1
00B9 1 1
00BA 1 1
00BC 1 1
00BD 1 1
00BE 1 1
00BF 1 1
00C6 1 1
00D0 1 1
00D7 1 1
00D8 1 1
00DE 1 1
00DF 1 1
00E0 1 1
00E1 1 1
00E6 1 1
00E8 1 1
00E9 1 1
00EA 1 1
00EC 1 1
00ED 1 1
00F0 1 1
00F2 1 1
00F3 1 1
00F7 1 1
00F8 1 1
00F9 1 1
00FA 1 1
00FC 1 1
00FE 1 1
0101 1 1
0111 1 1
0113 1 1
011B 1 1
0126 1 1
0127 1 1
012B 1 1
0131 1 1
0132 1 1
0133 1 1
0138 1 1
013F 1 1
0140 1 1
0141 1 1
0142 1 1
0144 1 1
0148 1 1
0149 1 1
014A 1 1
014B 1 1
014D 1 1
0152 1 1
0153 1 1
0166 1 1
0167 1 1
016B 1 1
01CE 1 1
01D0 1 1
01D2 1 1
01D4 1 1
01D6 1 1
01D8 1 1
01DA 1 1
01DC 1 1
0251 1 1
0261 1 1
02C4 1 1
02C7 1 1
02C9 1 1
02CA 1 1
02CB 1 1
02CD 1 1
02D0 1 1
02D8 1 1
02D9 1 1
02DA 1 1
02DB 1 1
02DD 1 1
02DF 1 1
0300 0 0
0301 0 0
0302 0 0
0303 0 0
0304 0 0
0305 0 0
0306 0 0
0307 0 0
0308 0 0
0309 0 0
030A 0 0
030B 0 0
030C 0 0
030D 0 0
030E 0 0
030F 0 0
0310 0 0
0311 0 0
0312 0 0
0313 0 0
0314 0 0
0315 0 0
0316 0 0
0317 0 0
0318 0 0
0319 0 0
031A 0 0
031B 0 0
031C 0 0
031D 0 0
031E 0 0
031F 0 0
0320 0 0
0321 0 0
0322 0 0
0323 0 0
0324 0 0
0325 0 0
0326 0 0
0327 0 0
0328 0 0
0329 0 0
032A 0 0
032B 0 0
032C 0 0
032D 0 0
032E 0 0
032F 0 0
0330 0 0
0331 0 0
0332 0 0
0333 0 0
0334 0 0
0335 0 0
0336 0 0
0337 0 0
0338 0 0
0339 0 0
033A 0 0
033B 0 0
033C 0 0
033D 0 0
033E 0 0
033F 0 0
0340 0 0
0341 0 0
0342 0 0
0343 0 0
0344 0 0
0345 0 0
0346 0 0
0347 0 0
0348 0 0
0349 0 0
034A 0 0
034B 0 0
034C 0 0
034D 0 0
034E 0 0
034F 0 0
0350 0 0
0351 0 0
0352 0 0
0353 0 0
0354 0 0
0355 0 0
0356 0 0
0357 0 0
0358 0 0
0359 0 0
035A 0 0
035B 0 0
035C 0 0
035D 0 0
035E 0 0
035F 0 0
0360 0 0
0361 0 0
0362 0 0
0363 0 0
0364 0 0
0365 0 0
0366 0 0
0367 0 0
0368 0 0
0369 0 0
036A 0 0
036B 0 0
036C 0 0
036D 0 0
036E 0 0
036F 0 0
0391 1 1
0392 1 1
0393 1 1
0394 1 1
0395 1 1
0396 1 1
0397 1 1
0398 1 1
0399 1 1
039A 1 1
039B 1 1
039C 1 1
039D 1 1
039E 1 1
039F 1 1
03A0 1 1
03A1 1 1
03A3 1 1
03A4 1 1
03A5 1 1
03A6 1 1
03A7 1 1
03A8 1 1
03A9 1 1
03B1 1 1
03B2 1 1
03B3 1 1
03B4 1 1
03B5 1 1
03B6 1 1
03B7 1 1
03B8 1 1
03B9 1 1
03BA 1 1
03BB 1 1
03BC 1 1
03BD 1 1
03BE 1 1
03BF 1 1
03C0 1 1
03C1 1 1
03C3 1 1
03C4 1 1
03C5 1 1
03C6 1 1
03C7 1 1
03C8 1 1
03C9 1 1
0401 1 1
0410 1 1
0411 1 1
0412 1 1
0413 1 1
0414 1 1
0415 1 1
0416 1 1
0417 1 1
0418 1 1
0419 1 1
041A 1 1
041B 1 1
041C 1 1
041D 1 1
041E 1 1
041F 1 1
0420 1 1
0421 1 1
0422 1 1
0423 1 1
0424 1 1
0425 1 1
0426 1 1
0427 1 1
0428 1 1
0429 1 1
042A 1 1
042B 1 1
042C 1 1
042D 1 1
042E 1 1
042F 1 1
0430 1 1
0431 1 1
0432 1 1
0433 1 1
0434 1 1
0435 1 1
0436 1 1
0437 1 1
0438 1 1
0439 1 1
043A 1 1
043B 1 1
043C 1 1
043D 1 1
043E 1 1
043F 1 1
0440 1 1
0441 1 1
0442 1 1
0443 1 1
0444 1 1
0445 1 1
0446 1 1
0447 1 1
0448 1 1
0449 1 1
044A 1 1
044B 1 1
044C 1 1
044D 1 1
044E 1 1
044F 1 1
0451 1 1
2010 2 1
2013 2 1
2014 2 1
2015 2 1
2016 2 1
2018 2 1
2019 2 1
201C 2 1
201D 2 1
2020 2 1
2021 2 1
2022 2 1
2024 2 1
2025 2 1
2026 2 1
2027 2 1
2030 2 1
2032 2 1
2033 2 1
2035 2 1
203B 2 1
203E 2 1
2074 2 1
207F 2 1
2081 2 1
2082 2 1
2083 2 1
2084 2 1
20AC 2 1
2103 2 1
2105 2 1
2109 2 1
2113 2 1
2116 2 1
2121 2 1
2122 2 1
2126 2 1
212B 2 1
2153 2 1
2154 2 1
215B 2 1
215C 2 1
215D 2 1
215E 2 1
2160 2 1
2161 2 1
2162 2 1
2163 2 1
2164 2 1
2165 2 1
2166 2 1
2167 2 1
2168 2 1
2169 2 1
216A 2 1
216B 2 1
2170 2 1
2171 2 1
2172 2 1
2173 2 1
2174 2 1
2175 2 1
2176 2 1
2177 2 1
2178 2 1
2179 2 1
2189 -1 1
2190 2 1
2191 2 1
2192 2 1
2193 2 1
2194 2 1
2195 2 1
2196 2 1
2197 2 1
2198 2 1
2199 2 1
21B8 2 1
21B9 2 1
21D2 2 1
21D4 2 1
21E7 2 1
2200 2 1
2202 2 1
2203 2 1
2207 2 1
2208 2 1
220B 2 1
220F 2 1
2211 2 1
2215 2 1
221A 2 1
221D 2 1
221E 2 1
221F 2 1
2220 2 1
2223 2 1
2225 2 1
2227 2 1
2228 2 1
2229 2 1
222A 2 1
222B 2 1
222C 2 1
222E 2 1
2234 2 1
2235 2 1
2236 2 1
2237 2 1
223C 2 1
223D 2 1
2248 2 1
224C 2 1
2252 2 1
2260 2 1
2261 2 1
2264 2 1
2265 2 1
2266 2 1
2267 2 1
226A 2 1
226B 2 1
226E 2 1
226F 2 1
2282 2 1
2283 2 1
2286 2 1
2287 2 1
2295 2 1
2299 2 1
22A5 2 1
22BF 2 1
2312 2 1
2460 2 1
2461 2 1
2462 2 1
2463 2 1
2464 2 1
2465 2 1
2466 2 1
2467 2 1
2468 2 1
2469 2 1
246A 2 1
246B 2 1
246C 2 1
246D 2 1
246E 2 1
246F 2 1
2470 2 1
2471 2 1
2472 2 1
2473 2 1
2474 2 1
2475 2 1
2476 2 1
2477 2 1
2478 2 1
2479 2 1
247A 2 1
247B 2 1
247C 2 1
247D 2 1
247E 2 1
247F 2 1
2480 2 1
2481 2 1
2482 2 1
2483 2 1
2484 2 1
2485 2 1
2486 2 1
2487 2 1
2488 2 1
2489 2 1
248A 2 1
248B 2 1
248C 2 1
248D 2 1
248E 2 1
248F 2 1
2490 2 1
2491 2 1
2492 2 1
2493 2 1
2494 2 1
2495 2 1
2496 2 1
2497 2 1
2498 2 1
2499 2 1
249A 2 1
249B 2 1
249C 2 1
249D 2 1
249E 2 1
249F 2 1
24A0 2 1
24A1 2 1
24A2 2 1
24A3 2 1
24A4 2 1
24A5 2 1
24A6 2 1
24A7 2 1
24A8 2 1
24A9 2 1
24AA 2 1
24AB 2 1
24AC 2 1
24AD 2 1
24AE 2 1
24AF 2 1
24B0 2 1
24B1 2 1
24B2 2 1
24B3 2 1
24B4 2 1
24B5 2 1
24B6 2 1
24B7 2 1
24B8 2 1
24B9 2 1
24BA 2 1
24BB 2 1
24BC 2 1
24BD 2 1
24BE 2 1
24BF 2 1
24C0 2 1
24C1 2 1
24C2 2 1
24C3 2 1
24C4 2 1
24C5 2 1
24C6 2 1
24C7 2 1
24C8 2 1
24C9 2 1
24CA 2 1
24CB 2 1
24CC 2 1
24CD 2 1
24CE 2 1
24CF 2 1
24D0 2 1
24D1 2 1
24D2 2 1
24D3 2 1
24D4 2 1
24D5 2 1
24D6 2 1
24D7 2 1
24D8 2 1
24D9 2 1
24DA 2 1
24DB 2 1
24DC 2 1
24DD 2 1
24DE 2 1
24DF 2 1
24E0 2 1
24E1 2 1
24E2 2 1
24E3 2 1
24E4 2 1
24E5 2 1
24E6 2 1
24E7 2 1
24E8 2 1
24E9 2 1
24EB 2 1
24EC 2 1
24ED 2 1
24EE 2 1
24EF 2 1
24F0 2 1
24F1 2 1
24F2 2 1
24F3 2 1
24F4 2 1
24F5 2 1
24F6 2 1
24F7 2 1
24F8 2 1
24F9 2 1
24FA 2 1
24FB 2 1
24FC 2 1
24FD 2 1
24FE 2 1
24FF 2 1
2500 2 1
2501 2 1
2502 2 1
2503 2 1
2504 2 1
2505 2 1
2506 2 1
2507 2 1
2508 2 1
2509 2 1
250A 2 1
250B 2 1
250C 2 1
250D 2 1
250E 2 1
250F 2 1
2510 2 1
2511 2 1
2512 2 1
2513 2 1
2514 2 1
2515 2 1
2516 2 1
2517 2 1
2518 2 1
2519 2 1
251A 2 1
251B 2 1
251C 2 1
251D 2 1
251E 2 1
251F 2 1
2520 2 1
2521 2 1
2522 2 1
2523 2 1
2524 2 1
2525 2 1
2526 2 1
2527 2 1
2528 2 1
2529 2 1
252A 2 1
252B 2 1
252C 2 1
252D 2 1
252E 2 1
252F 2 1
2530 2 1
2531 2 1
2532 2 1
2533 2 1
2534 2 1
2535 2 1
2536 2 1
2537 2 1
2538 2 1
2539 2 1
253A 2 1
253B 2 1
253C 2 1
253D 2 1
253E 2 1
253F 2 1
2540 2 1
2541 2 1
2542 2 1
2543 2 1
2544 2 1
2545 2 1
2546 2 1
2547 2 1
2548 2 1
2549 2 1
254A 2 1
254B 2 1
2550 2 1
2551 2 1
2552 2 1
2553 2 1
2554 2 1
2555 2 1
2556 2 1
2557 2 1
2558 2 1
2559 2 1
255A 2 1
255B 2 1
255C 2 1
255D 2 1
255E 2 1
255F 2 1
2560 2 1
2561 2 1
2562 2 1
2563 2 1
2564 2 1
2565 2 1
2566 2 1
2567 2 1
2568 2 1
2569 2 1
256A 2 1
256B 2 1
256C 2 1
256D 2 1
256E 2 1
256F 2 1
2570 2 1
2571 2 1
2572 2 1
2573 2 1
2580 2 1
2581 2 1
2582 2 1
2583 2 1
2584 2 1
2585 2 1
2586 2 1
2587 2 1
2588 2 1
2589 2 1
258A 2 1
258B 2 1
258C 2 1
258D 2 1
258E 2 1
258F 2 1
2592 2 1
2593 2 1
2594 2 1
2595 2 1
25A0 2 1
25A1 2 1
25A3 2 1
25A4 2 1
25A5 2 1
25A6 2 1
25A7 2 1
25A8 2 1
25A9 2 1
25B2 2 1
25B3 2 1
25B6 2 1
25B7 2 1
25BC 2 1
25BD 2 1
25C0 2 1
25C1 2 1
25C6 2 1
25C7 2 1
25C8 2 1
25CB 2 1
25CE 2 1
25CF 2 1
25D0 2 1
25D1 2 1
25E2 2 1
25E3 2 1
25E4 2 1
25E5 2 1
25EF 2 1
2605 2 1
2606 2 1
2609 2 1
260E 2 1
260F 2 1
2614 2 1
2615 2 1
261C 2 1
261E 2 1
2640 2 1
2642 2 1
2660 2 1
2661 2 1
2663 2 1
2664 2 1
2665 2 1
2667 2 1
2668 2 1
2669 2 1
266A 2 1
266C 2 1
266D 2 1
266F 2 1
269E -1 1
269F -1 1
26BE 2 1
26BF 2 1
26C4 -1 1
26C5 -1 1
26C6 -1 1
26C7 -1 1
26C8 -1 1
26C9 -1 1
26CA -1 1
26CB -1 1
26CC -1 1
26CD -1 1
26CF -1 1
26D0 -1 1
26D1 -1 1
26D2 -1 1
26D3 -1 1
26D4 -1 1
26D5 -1 1
26D6 -1 1
26D7 -1 1
26D8 -1 1
26D9 -1 1
26DA -1 1
26DB -1 1
26DC -1 1
26DD -1 1
26DE -1 1
26DF -1 1
26E0 -1 1
26E1 -1 1
26E3 -1 1
26E8 -1 1
26E9 -1 1
26EA -1 1
26EB -1 1
26EC -1 1
26ED -1 1
26EE -1 1
26EF -1 1
26F0 -1 1
26F1 -1 1
26F2 -1 1
26F3 -1 1
26F4 -1 1
26F5 -1 1
26F6 -1 1
26F7 -1 1
26F8 -1 1
26F9 -1 1
26FA -1 1
26FB -1 1
26FC -1 1
26FD -1 1
26FE -1 1
26FF -1 1
273D 2 1
2757 -1 1
2776 2 1
2777 2 1
2778 2 1
2779 2 1
277A 2 1
277B 2 1
277C 2 1
277D 2 1
277E 2 1
277F 2 1
2B55 -1 1
2B56 -1 1
2B57 -1 1
2B58 -1 1
2B59 -1 1
3248 -1 2
3249 -1 2
324A -1 2
324B -1 2
324C -1 2
324D -1 2
324E -1 2
324F -1 2
FE00 2 0
FE01 2 0
FE02 2 0
FE03 2 0
FE04 2 0
FE05 2 0
FE06 2 0
FE07 2 0
FE08 2 0
FE09 2 0
FE0A 2 0
FE0B 2 0
FE0C 2 0
FE0D 2 0
FE0E 2 0
FE0F 2 0
FFFD 2 1
0001F100 -1 1
0001F101 -1 1
0001F102 -1 1
0001F103 -1 1
0001F104 -1 1
0001F105 -1 1
0001F106 -1 1
0001F107 -1 1
0001F108 -1 1
0001F109 -1 1
0001F10A -1 1
0001F110 -1 1
0001F111 -1 1
0001F112 -1 1
0001F113 -1 1
0001F114 -1 1
0001F115 -1 1
0001F116 -1 1
0001F117 -1 1
0001F118 -1 1
0001F119 -1 1
0001F11A -1 1
0001F11B -1 1
0001F11C -1 1
0001F11D -1 1
0001F11E -1 1
0001F11F -1 1
0001F120 -1 1
0001F121 -1 1
0001F122 -1 1
0001F123 -1 1
0001F124 -1 1
0001F125 -1 1
0001F126 -1 1
0001F127 -1 1
0001F128 -1 1
0001F129 -1 1
0001F12A -1 1
0001F12B -1 1
0001F12C -1 1
0001F12D -1 1
0001F130 -1 1
0001F131 -1 1
0001F132 -1 1
0001F133 -1 1
0001F134 -1 1
0001F135 -1 1
0001F136 -1 1
0001F137 -1 1
0001F138 -1 1
0001F139 -1 1
0001F13A -1 1
0001F13B -1 1
0001F13C -1 1
0001F13D -1 1
0001F13E -1 1
0001F13F -1 1
0001F140 -1 1
0001F141 -1 1
0001F142 -1 1
0001F143 -1 1
0001F144 -1 1
0001F145 -1 1
0001F146 -1 1
0001F147 -1 1
0001F148 -1 1
0001F149 -1 1
0001F14A -1 1
0001F14B -1 1
0001F14C -1 1
0001F14D -1 1
0001F14E -1 1
0001F14F -1 1
0001F150 -1 1
0001F151 -1 1
0001F152 -1 1
0001F153 -1 1
0001F154 -1 1
0001F155 -1 1
0001F156 -1 1
0001F157 -1 1
0001F158 -1 1
0001F159 -1 1
0001F15A -1 1
0001F15B -1 1
0001F15C -1 1
0001F15D -1 1
0001F15E -1 1
0001F15F -1 1
0001F160 -1 1
0001F161 -1 1
0001F162 -1 1
0001F163 -1 1
0001F164 -1 1
0001F165 -1 1
0001F166 -1 1
0001F167 -1 1
0001F168 -1 1
0001F169 -1 1
0001F170 -1 1
0001F171 -1 1
0001F172 -1 1
0001F173 -1 1
0001F174 -1 1
0001F175 -1 1
0001F176 -1 1
0001F177 -1 1
0001F178 -1 1
0001F179 -1 1
0001F17A -1 1
0001F17B -1 1
0001F17C -1 1
0001F17D -1 1
0001F17E -1 1
0001F17F -1 1
0001F180 -1 1
0001F181 -1 1
0001F182 -1 1
0001F183 -1 1
0001F184 -1 1
0001F185 -1 1
0001F186 -1 1
0001F187 -1 1
0001F188 -1 1
0001F189 -1 1
0001F18A -1 1
0001F18B -1 1
0001F18C -1 1
0001F18D -1 1
0001F18E -1 1
0001F18F -1 1
0001F190 -1 1
0001F191 -1 1
0001F192 -1 1
0001F193 -1 1
0001F194 -1 1
0001F195 -1 1
0001F196 -1 1
0001F197 -1 1
0001F198 -1 1
0001F199 -1 1
0001F19A -1 1
000E0100 2 0
000E0101 2 0
000E0102 2 0
000E0103 2 0
000E0104 2 0
000E0105 2 0
000E0106 2 0
000E0107 2 0
000E0108 2 0
000E0109 2 0
000E010A 2 0
000E010B 2 0
000E010C 2 0
000E010D 2 0
000E010E 2 0
000E010F 2 0
000E0110 2 0
000E0111 2 0
000E0112 2 0
000E0113 2 0
000E0114 2 0
000E0115 2 0
000E0116 2 0
000E0117 2 0
000E0118 2 0
000E0119 2 0
000E011A 2 0
000E011B 2 0
000E011C 2 0
000E011D 2 0
000E011E 2 0
000E011F 2 0
000E0120 2 0
000E0121 2 0
000E0122 2 0
000E0123 2 0
000E0124 2 0
000E0125 2 0
000E0126 2 0
000E0127 2 0
000E0128 2 0
000E0129 2 0
000E012A 2 0
000E012B 2 0
000E012C 2 0
000E012D 2 0
000E012E 2 0
000E012F 2 0
000E0130 2 0
000E0131 2 0
000E0132 2 0
000E0133 2 0
000E0134 2 0
000E0135 2 0
000E0136 2 0
000E0137 2 0
000E0138 2 0
000E0139 2 0
000E013A 2 0
000E013B 2 0
000E013C 2 0
000E013D 2 0
000E013E 2 0
000E013F 2 0
000E0140 2 0
000E0141 2 0
000E0142 2 0
000E0143 2 0
000E0144 2 0
000E0145 2 0
000E0146 2 0
000E0147 2 0
000E0148 2 0
000E0149 2 0
000E014A 2 0
000E014B 2 0
000E014C 2 0
000E014D 2 0
000E014E 2 0
000E014F 2 0
000E0150 2 0
000E0151 2 0
000E0152 2 0
000E0153 2 0
000E0154 2 0
000E0155 2 0
000E0156 2 0
000E0157 2 0
000E0158 2 0
000E0159 2 0
000E015A 2 0
000E015B 2 0
000E015C 2 0
000E015D 2 0
000E015E 2 0
000E015F 2 0
000E0160 2 0
000E0161 2 0
000E0162 2 0
000E0163 2 0
000E0164 2 0
000E0165 2 0
000E0166 2 0
000E0167 2 0
000E0168 2 0
000E0169 2 0
000E016A 2 0
000E016B 2 0
000E016C 2 0
000E016D 2 0
000E016E 2 0
000E016F 2 0
000E0170 2 0
000E0171 2 0
000E0172 2 0
000E0173 2 0
000E0174 2 0
000E0175 2 0
000E0176 2 0
000E0177 2 0
000E0178 2 0
000E0179 2 0
000E017A 2 0
000E017B 2 0
000E017C 2 0
000E017D 2 0
000E017E 2 0
000E017F 2 0
000E0180 2 0
000E0181 2 0
000E0182 2 0
000E0183 2 0
000E0184 2 0
000E0185 2 0
000E0186 2 0
000E0187 2 0
000E0188 2 0
000E0189 2 0
000E018A 2 0
000E018B 2 0
000E018C 2 0
000E018D 2 0
000E018E 2 0
000E018F 2 0
000E0190 2 0
000E0191 2 0
000E0192 2 0
000E0193 2 0
000E0194 2 0
000E0195 2 0
000E0196 2 0
000E0197 2 0
000E0198 2 0
000E0199 2 0
000E019A 2 0
000E019B 2 0
000E019C 2 0
000E019D 2 0
000E019E 2 0
000E019F 2 0
000E01A0 2 0
000E01A1 2 0
000E01A2 2 0
000E01A3 2 0
000E01A4 2 0
000E01A5 2 0
000E01A6 2 0
000E01A7 2 0
000E01A8 2 0
000E01A9 2 0
000E01AA 2 0
000E01AB 2 0
000E01AC 2 0
000E01AD 2 0
000E01AE 2 0
000E01AF 2 0
000E01B0 2 0
000E01B1 2 0
000E01B2 2 0
000E01B3 2 0
000E01B4 2 0
000E01B5 2 0
000E01B6 2 0
000E01B7 2 0
000E01B8 2 0
000E01B9 2 0
000E01BA 2 0
000E01BB 2 0
000E01BC 2 0
000E01BD 2 0
000E01BE 2 0
000E01BF 2 0
000E01C0 2 0
000E01C1 2 0
000E01C2 2 0
000E01C3 2 0
000E01C4 2 0
000E01C5 2 0
000E01C6 2 0
000E01C7 2 0
000E01C8 2 0
000E01C9 2 0
000E01CA 2 0
000E01CB 2 0
000E01CC 2 0
000E01CD 2 0
000E01CE 2 0
000E01CF 2 0
000E01D0 2 0
000E01D1 2 0
000E01D2 2 0
000E01D3 2 0
000E01D4 2 0
000E01D5 2 0
000E01D6 2 0
000E01D7 2 0
000E01D8 2 0
000E01D9 2 0
000E01DA 2 0
000E01DB 2 0
000E01DC 2 0
000E01DD 2 0
000E01DE 2 0
000E01DF 2 0
000E01E0 2 0
000E01E1 2 0
000E01E2 2 0
000E01E3 2 0
000E01E4 2 0
000E01E5 2 0
000E01E6 2 0
000E01E7 2 0
000E01E8 2 0
000E01E9 2 0
000E01EA 2 0
000E01EB 2 0
000E01EC 2 0
000E01ED 2 0
000E01EE 2 0
000E01EF 2 0
